[['0 4 1 1 1 8 1 1 8 1 1 8 8 8 16 32 62 58 12 12 64 1 1 16 64 4 1 2 1 32 78745.6667']
 ['1 4 1 1 1 6 1 1 6 1 1 6 10 12 20 36 42 38 8 8 64 4 1 32 64 4 1 2 1 32 83974.5833']
 ['100 4 1 1 1 6 1 1 6 1 1 6 6 6 14 32 42 38 8 8 32 8 1 32 64 4 1 2 1 8 84040.7500']
 ['101 4 1 1 1 8 1 1 8 1 1 8 8 8 16 34 52 48 6 6 64 1 1 16 64 4 0 2 1 8 82871.0000']
 ['102 4 1 1 1 10 1 1 12 1 1 12 6 6 14 30 52 48 12 12 32 8 1 32 64 4 0 2 1 8 78813.5000']
 ['103 4 1 1 1 8 1 1 8 1 1 8 6 6 14 30 52 48 6 6 64 1 1 16 64 4 0 2 1 32 83046.4167']
 ['104 4 1 1 1 8 1 1 8 1 1 8 6 6 14 36 62 58 12 12 32 4 1 16 64 4 0 2 1 8 78707.3333']
 ['105 4 1 1 1 8 1 1 8 1 1 8 8 8 16 34 52 48 12 12 64 4 1 32 64 4 0 2 1 32 78705.7500']
 ['106 4 1 1 1 8 1 1 8 1 1 8 8 8 16 36 42 38 12 12 64 4 1 32 64 4 1 2 1 32 83140.0833']
 ['107 4 1 1 1 6 1 1 6 1 1 6 10 12 20 36 52 48 12 12 64 4 1 32 64 4 1 2 1 32 78820.9167']
 ['108 4 1 1 1 8 1 1 8 1 1 8 10 12 20 32 52 48 12 12 32 8 1 32 64 4 1 2 1 32 78634.5833']
 ['109 4 1 1 1 10 1 1 12 1 1 12 10 12 20 34 62 58 6 6 64 4 1 32 64 4 1 2 1 32 82587.1667']
 ['11 4 1 1 1 10 1 1 12 1 1 12 10 12 20 32 52 48 6 6 32 4 1 16 64 4 0 2 1 32 82681.8333']
 ['110 4 1 1 1 10 1 1 12 1 1 12 8 8 16 36 52 48 8 8 32 4 1 16 64 4 1 2 1 32 80226.4167']
 ['111 4 1 1 1 8 1 1 8 1 1 8 10 12 20 30 52 48 6 6 32 8 1 32 64 4 1 2 1 32 82613.0000']
 ['112 4 1 1 1 6 1 1 6 1 1 6 8 8 16 34 42 38 12 12 32 8 1 32 64 4 0 2 1 32 83147.0833']
 ['113 4 1 1 1 8 1 1 8 1 1 8 6 6 14 34 42 38 8 8 64 1 1 16 64 4 1 2 1 8 84225.5833']
 ['114 4 1 1 1 10 1 1 12 1 1 12 10 12 20 32 52 48 12 12 64 4 1 32 64 4 1 2 1 8 78637.6667']
 ['115 4 1 1 1 10 1 1 12 1 1 12 6 6 14 34 62 58 8 8 32 4 1 16 64 4 1 2 1 8 80227.2500']
 ['116 4 1 1 1 10 1 1 12 1 1 12 10 12 20 30 62 58 6 6 32 8 1 32 64 4 0 2 1 8 82625.1667']
 ['117 4 1 1 1 10 1 1 12 1 1 12 8 8 16 32 52 48 6 6 64 1 1 16 64 4 1 2 1 32 82818.8333']
 ['118 4 1 1 1 8 1 1 8 1 1 8 8 8 16 32 52 48 6 6 32 8 1 32 64 4 0 2 1 8 82662.0833']
 ['119 4 1 1 1 10 1 1 12 1 1 12 10 12 20 36 42 38 8 8 32 8 1 32 64 4 1 2 1 8 83965.9167']
 ['12 4 1 1 1 8 1 1 8 1 1 8 10 12 20 30 52 48 8 8 64 1 1 16 64 4 0 2 1 8 80471.1667']
 ['120 4 1 1 1 6 1 1 6 1 1 6 8 8 16 36 42 38 6 6 64 1 1 16 64 4 1 2 1 8 85772.7500']
 ['121 4 1 1 1 8 1 1 8 1 1 8 10 12 20 30 62 58 12 12 64 4 1 32 64 4 0 2 1 32 78531.8333']
 ['122 4 1 1 1 10 1 1 12 1 1 12 6 6 14 32 42 38 8 8 32 8 1 32 64 4 0 2 1 32 84023.0000']
 ['123 4 1 1 1 8 1 1 8 1 1 8 8 8 16 30 42 38 12 12 64 4 1 32 64 4 1 2 1 32 83140.0833']
 ['124 4 1 1 1 6 1 1 6 1 1 6 8 8 16 30 42 38 12 12 32 8 1 32 64 4 0 2 1 8 83147.0833']
 ['125 4 1 1 1 8 1 1 8 1 1 8 10 12 20 34 62 58 6 6 64 1 1 16 64 4 0 2 1 32 82794.0833']
 ['126 4 1 1 1 10 1 1 12 1 1 12 6 6 14 30 52 48 8 8 64 1 1 16 64 4 1 2 1 8 80604.5833']
 ['127 4 1 1 1 8 1 1 8 1 1 8 6 6 14 34 52 48 12 12 32 8 1 32 64 4 0 2 1 8 78737.4167']
 ['128 4 1 1 1 6 1 1 6 1 1 6 8 8 16 36 42 38 8 8 32 4 1 16 64 4 0 2 1 8 83976.3333']
 ['129 4 1 1 1 8 1 1 8 1 1 8 6 6 14 32 42 38 6 6 32 4 1 16 64 4 1 2 1 32 85435.4167']
 ['13 4 1 1 1 8 1 1 8 1 1 8 8 8 16 34 42 38 6 6 32 8 1 32 64 4 0 2 1 32 85594.4167']
 ['130 4 1 1 1 10 1 1 12 1 1 12 10 12 20 30 52 48 12 12 64 1 1 16 64 4 0 2 1 8 78881.6667']
 ['131 4 1 1 1 6 1 1 6 1 1 6 6 6 14 30 62 58 12 12 32 4 1 16 64 4 1 2 1 32 78612.7500']
 ['132 4 1 1 1 8 1 1 8 1 1 8 10 12 20 36 62 58 6 6 32 4 1 16 64 4 0 2 1 32 82576.2500']
 ['133 4 1 1 1 8 1 1 8 1 1 8 10 12 20 34 42 38 6 6 32 8 1 32 64 4 0 2 1 32 85420.0833']
 ['134 4 1 1 1 8 1 1 8 1 1 8 6 6 14 34 52 48 12 12 64 1 1 16 64 4 0 2 1 32 78974.3333']
 ['135 4 1 1 1 6 1 1 6 1 1 6 8 8 16 34 42 38 8 8 64 1 1 16 64 4 0 2 1 8 84091.7500']
 ['136 4 1 1 1 10 1 1 12 1 1 12 6 6 14 36 62 58 12 12 64 4 1 32 64 4 0 2 1 8 78631.8333']
 ['137 4 1 1 1 8 1 1 8 1 1 8 10 12 20 34 52 48 6 6 64 1 1 16 64 4 1 2 1 32 82789.4167']
 ['138 4 1 1 1 6 1 1 6 1 1 6 8 8 16 34 42 38 12 12 32 4 1 16 64 4 0 2 1 32 83221.3333']
 ['139 4 1 1 1 10 1 1 12 1 1 12 6 6 14 36 52 48 8 8 64 4 1 32 64 4 0 2 1 32 80331.6667']
 ['14 4 1 1 1 8 1 1 8 1 1 8 10 12 20 34 62 58 8 8 32 4 1 16 64 4 1 2 1 32 80222.5000']
 ['140 4 1 1 1 8 1 1 8 1 1 8 6 6 14 34 42 38 12 12 32 8 1 32 64 4 0 2 1 8 83259.0833']
 ['141 4 1 1 1 8 1 1 8 1 1 8 6 6 14 34 42 38 8 8 64 1 1 16 64 4 0 2 1 8 84225.5833']
 ['142 4 1 1 1 10 1 1 12 1 1 12 6 6 14 32 62 58 8 8 64 4 1 32 64 4 0 2 1 8 80373.3333']
 ['143 4 1 1 1 6 1 1 6 1 1 6 10 12 20 36 42 38 8 8 64 1 1 16 64 4 1 2 1 8 84143.0833']
 ['144 4 1 1 1 10 1 1 12 1 1 12 10 12 20 34 52 48 8 8 32 4 1 16 64 4 0 2 1 8 80260.0000']
 ['145 4 1 1 1 10 1 1 12 1 1 12 10 12 20 32 52 48 12 12 32 8 1 32 64 4 0 2 1 8 78639.8333']
 ['146 4 1 1 1 6 1 1 6 1 1 6 10 12 20 34 52 48 8 8 64 4 1 32 64 4 1 2 1 32 80275.9167']
 ['147 4 1 1 1 6 1 1 6 1 1 6 6 6 14 34 42 38 12 12 32 4 1 16 64 4 1 2 1 8 83220.5000']
 ['148 4 1 1 1 10 1 1 12 1 1 12 10 12 20 30 62 58 6 6 64 1 1 16 64 4 1 2 1 8 82793.8333']
 ['149 4 1 1 1 6 1 1 6 1 1 6 6 6 14 36 52 48 6 6 64 1 1 16 64 4 0 2 1 8 82979.7500']
 ['15 4 1 1 1 8 1 1 8 1 1 8 6 6 14 34 62 58 8 8 64 1 1 16 64 4 0 2 1 8 80561.7500']
 ['150 4 1 1 1 10 1 1 12 1 1 12 8 8 16 30 62 58 8 8 64 1 1 16 64 4 1 2 1 32 80260.7500']
 ['151 4 1 1 1 6 1 1 6 1 1 6 6 6 14 36 42 38 6 6 32 8 1 32 64 4 0 2 1 32 85412.2500']
 ['152 4 1 1 1 10 1 1 12 1 1 12 8 8 16 32 62 58 8 8 32 4 1 16 64 4 1 2 1 8 80066.2500']
 ['153 4 1 1 1 6 1 1 6 1 1 6 6 6 14 36 62 58 6 6 64 1 1 16 64 4 1 2 1 32 83047.7500']
 ['154 4 1 1 1 8 1 1 8 1 1 8 6 6 14 32 62 58 8 8 32 4 1 16 64 4 0 2 1 8 80292.3333']
 ['155 4 1 1 1 10 1 1 12 1 1 12 6 6 14 32 62 58 12 12 64 4 1 32 64 4 1 2 1 8 78585.1667']
 ['156 4 1 1 1 6 1 1 6 1 1 6 10 12 20 32 52 48 6 6 32 4 1 16 64 4 0 2 1 8 82785.3333']
 ['157 4 1 1 1 8 1 1 8 1 1 8 6 6 14 30 42 38 6 6 64 4 1 32 64 4 1 2 1 32 85404.7500']
 ['158 4 1 1 1 8 1 1 8 1 1 8 8 8 16 36 52 48 6 6 32 4 1 16 64 4 0 2 1 32 82776.0000']
 ['159 4 1 1 1 10 1 1 12 1 1 12 8 8 16 32 62 58 8 8 64 1 1 16 64 4 0 2 1 32 80284.2500']
 ['16 4 1 1 1 6 1 1 6 1 1 6 10 12 20 36 62 58 6 6 32 4 1 16 64 4 1 2 1 8 82650.5833']
 ['160 4 1 1 1 10 1 1 12 1 1 12 10 12 20 30 42 38 6 6 64 1 1 16 64 4 1 2 1 8 85587.4167']
 ['161 4 1 1 1 6 1 1 6 1 1 6 6 6 14 32 42 38 8 8 32 4 1 16 64 4 0 2 1 8 83904.5000']
 ['162 4 1 1 1 10 1 1 12 1 1 12 8 8 16 32 42 38 12 12 64 1 1 16 64 4 0 2 1 8 83358.8333']
 ['163 4 1 1 1 6 1 1 6 1 1 6 10 12 20 34 52 48 8 8 32 8 1 32 64 4 0 2 1 8 80285.8333']
 ['164 4 1 1 1 6 1 1 6 1 1 6 6 6 14 36 62 58 12 12 32 4 1 16 64 4 1 2 1 8 78691.1667']
 ['165 4 1 1 1 8 1 1 8 1 1 8 6 6 14 36 42 38 6 6 32 4 1 16 64 4 0 2 1 32 85435.4167']
 ['166 4 1 1 1 8 1 1 8 1 1 8 10 12 20 34 62 58 6 6 32 8 1 32 64 4 0 2 1 8 82625.4167']
 ['167 4 1 1 1 10 1 1 12 1 1 12 10 12 20 30 42 38 12 12 64 1 1 16 64 4 0 2 1 8 83492.2500']
 ['168 4 1 1 1 6 1 1 6 1 1 6 8 8 16 32 62 58 12 12 32 8 1 32 64 4 0 2 1 8 78524.4167']
 ['169 4 1 1 1 10 1 1 12 1 1 12 6 6 14 32 52 48 6 6 64 1 1 16 64 4 0 2 1 8 83016.2500']
 ['17 4 1 1 1 8 1 1 8 1 1 8 6 6 14 32 42 38 6 6 64 4 1 32 64 4 0 2 1 8 85404.7500']
 ['170 4 1 1 1 8 1 1 8 1 1 8 10 12 20 30 62 58 12 12 32 8 1 32 64 4 1 2 1 8 78534.0000']
 ['171 4 1 1 1 8 1 1 8 1 1 8 6 6 14 32 52 48 12 12 32 8 1 32 64 4 1 2 1 32 78752.1667']
 ['172 4 1 1 1 8 1 1 8 1 1 8 10 12 20 36 62 58 12 12 64 1 1 16 64 4 0 2 1 32 78700.6667']
 ['173 4 1 1 1 8 1 1 8 1 1 8 8 8 16 32 52 48 8 8 64 4 1 32 64 4 0 2 1 8 80247.6667']
 ['174 4 1 1 1 6 1 1 6 1 1 6 6 6 14 36 42 38 8 8 32 8 1 32 64 4 1 2 1 8 84040.7500']
 ['175 4 1 1 1 10 1 1 12 1 1 12 8 8 16 34 62 58 8 8 64 4 1 32 64 4 0 2 1 32 79989.7500']
 ['176 4 1 1 1 8 1 1 8 1 1 8 6 6 14 36 62 58 8 8 64 1 1 16 64 4 0 2 1 32 80619.0833']
 ['177 4 1 1 1 6 1 1 6 1 1 6 8 8 16 32 42 38 8 8 32 4 1 16 64 4 0 2 1 8 83976.3333']
 ['178 4 1 1 1 8 1 1 8 1 1 8 10 12 20 30 62 58 6 6 64 4 1 32 64 4 1 2 1 8 82609.0833']
 ['179 4 1 1 1 6 1 1 6 1 1 6 10 12 20 32 52 48 12 12 32 4 1 16 64 4 1 2 1 8 78628.9167']
 ['18 4 1 1 1 8 1 1 8 1 1 8 8 8 16 30 62 58 12 12 64 1 1 16 64 4 0 2 1 8 78649.0000']
 ['180 4 1 1 1 8 1 1 8 1 1 8 10 12 20 34 62 58 6 6 64 4 1 32 64 4 0 2 1 32 82623.5833']
 ['181 4 1 1 1 6 1 1 6 1 1 6 8 8 16 36 62 58 8 8 32 8 1 32 64 4 0 2 1 32 80209.5833']
 ['182 4 1 1 1 8 1 1 8 1 1 8 6 6 14 32 62 58 12 12 32 4 1 16 64 4 0 2 1 8 78764.2500']
 ['183 4 1 1 1 6 1 1 6 1 1 6 8 8 16 34 52 48 12 12 32 4 1 16 64 4 1 2 1 8 78693.0000']
 ['184 4 1 1 1 10 1 1 12 1 1 12 6 6 14 34 52 48 12 12 64 1 1 16 64 4 0 2 1 8 78997.9167']
 ['185 4 1 1 1 10 1 1 12 1 1 12 8 8 16 32 52 48 12 12 32 8 1 32 64 4 1 2 1 32 78699.7500']
 ['186 4 1 1 1 10 1 1 12 1 1 12 10 12 20 36 52 48 6 6 32 8 1 32 64 4 1 2 1 32 82617.0000']
 ['187 4 1 1 1 10 1 1 12 1 1 12 8 8 16 32 52 48 8 8 64 4 1 32 64 4 0 2 1 32 80188.6667']
 ['188 4 1 1 1 6 1 1 6 1 1 6 6 6 14 34 52 48 12 12 32 4 1 16 64 4 0 2 1 32 78699.5000']
 ['189 4 1 1 1 10 1 1 12 1 1 12 6 6 14 36 42 38 8 8 64 1 1 16 64 4 1 2 1 32 84225.5833']
 ['19 4 1 1 1 6 1 1 6 1 1 6 6 6 14 32 62 58 6 6 64 4 1 32 64 4 1 2 1 32 82850.3333']
 ['190 4 1 1 1 6 1 1 6 1 1 6 8 8 16 36 62 58 6 6 32 8 1 32 64 4 1 2 1 32 82635.5833']
 ['191 4 1 1 1 8 1 1 8 1 1 8 6 6 14 30 62 58 8 8 64 1 1 16 64 4 0 2 1 8 80616.1667']
 ['192 4 1 1 1 8 1 1 8 1 1 8 10 12 20 36 52 48 6 6 32 4 1 16 64 4 0 2 1 32 82686.0833']
 ['193 4 1 1 1 8 1 1 8 1 1 8 8 8 16 32 42 38 6 6 32 8 1 32 64 4 1 2 1 8 85594.4167']
 ['194 4 1 1 1 6 1 1 6 1 1 6 10 12 20 36 42 38 6 6 64 4 1 32 64 4 1 2 1 8 85418.0000']
 ['195 4 1 1 1 8 1 1 8 1 1 8 8 8 16 36 42 38 12 12 64 1 1 16 64 4 0 2 1 8 83358.8333']
 ['196 4 1 1 1 6 1 1 6 1 1 6 10 12 20 30 42 38 6 6 32 8 1 32 64 4 0 2 1 32 85422.1667']
 ['197 4 1 1 1 6 1 1 6 1 1 6 6 6 14 36 62 58 8 8 32 8 1 32 64 4 1 2 1 32 80176.6667']
 ['198 4 1 1 1 6 1 1 6 1 1 6 8 8 16 36 42 38 12 12 64 1 1 16 64 4 1 2 1 32 83349.7500']
 ['199 4 1 1 1 6 1 1 6 1 1 6 6 6 14 30 62 58 6 6 32 8 1 32 64 4 0 2 1 32 82841.0000']
 ['2 4 1 1 1 10 1 1 12 1 1 12 6 6 14 30 62 58 12 12 64 4 1 32 64 4 0 2 1 32 78728.0833']
 ['20 4 1 1 1 6 1 1 6 1 1 6 6 6 14 32 52 48 6 6 32 8 1 32 64 4 0 2 1 32 82772.9167']
 ['200 4 1 1 1 6 1 1 6 1 1 6 8 8 16 34 52 48 8 8 32 8 1 32 64 4 1 2 1 8 80145.0000']
 ['201 4 1 1 1 10 1 1 12 1 1 12 6 6 14 34 52 48 12 12 64 4 1 32 64 4 0 2 1 8 78754.5000']
 ['202 4 1 1 1 8 1 1 8 1 1 8 8 8 16 30 42 38 8 8 64 1 1 16 64 4 1 2 1 32 84093.7500']
 ['203 4 1 1 1 6 1 1 6 1 1 6 10 12 20 32 52 48 8 8 32 8 1 32 64 4 1 2 1 32 80280.5000']
 ['204 4 1 1 1 6 1 1 6 1 1 6 6 6 14 30 52 48 6 6 64 4 1 32 64 4 1 2 1 32 82762.9167']
 ['205 4 1 1 1 6 1 1 6 1 1 6 6 6 14 34 52 48 6 6 64 4 1 32 64 4 1 2 1 8 82778.0833']
 ['206 4 1 1 1 6 1 1 6 1 1 6 10 12 20 30 52 48 12 12 32 4 1 16 64 4 1 2 1 32 78662.5000']
 ['207 4 1 1 1 6 1 1 6 1 1 6 10 12 20 36 62 58 12 12 32 4 1 16 64 4 0 2 1 8 78664.0000']
 ['208 4 1 1 1 10 1 1 12 1 1 12 10 12 20 30 62 58 6 6 64 4 1 32 64 4 0 2 1 8 82623.3333']
 ['209 4 1 1 1 10 1 1 12 1 1 12 8 8 16 34 42 38 6 6 32 8 1 32 64 4 1 2 1 32 85594.4167']
 ['21 4 1 1 1 6 1 1 6 1 1 6 10 12 20 30 42 38 12 12 32 4 1 16 64 4 1 2 1 8 83255.5000']
 ['210 4 1 1 1 8 1 1 8 1 1 8 8 8 16 32 52 48 12 12 64 4 1 32 64 4 1 2 1 32 78704.5833']
 ['211 4 1 1 1 6 1 1 6 1 1 6 6 6 14 36 42 38 8 8 64 4 1 32 64 4 1 2 1 8 84056.7500']
 ['212 4 1 1 1 6 1 1 6 1 1 6 6 6 14 32 62 58 12 12 32 8 1 32 64 4 0 2 1 8 78809.5000']
 ['213 4 1 1 1 8 1 1 8 1 1 8 10 12 20 30 52 48 8 8 32 8 1 32 64 4 0 2 1 8 80298.5000']
 ['214 4 1 1 1 10 1 1 12 1 1 12 10 12 20 32 62 58 6 6 32 8 1 32 64 4 0 2 1 32 82602.6667']
 ['215 4 1 1 1 8 1 1 8 1 1 8 6 6 14 36 62 58 8 8 64 4 1 32 64 4 0 2 1 32 80399.9167']
 ['216 4 1 1 1 10 1 1 12 1 1 12 10 12 20 34 42 38 6 6 32 8 1 32 64 4 0 2 1 8 85420.0833']
 ['217 4 1 1 1 10 1 1 12 1 1 12 8 8 16 34 62 58 12 12 64 1 1 16 64 4 1 2 1 8 78616.0833']
 ['218 4 1 1 1 6 1 1 6 1 1 6 6 6 14 36 42 38 12 12 32 4 1 16 64 4 1 2 1 32 83220.5000']
 ['219 4 1 1 1 8 1 1 8 1 1 8 6 6 14 32 52 48 8 8 64 4 1 32 64 4 0 2 1 32 80423.0833']
 ['22 4 1 1 1 6 1 1 6 1 1 6 10 12 20 32 42 38 12 12 64 4 1 32 64 4 1 2 1 8 83288.9167']
 ['220 4 1 1 1 8 1 1 8 1 1 8 6 6 14 34 42 38 6 6 64 1 1 16 64 4 0 2 1 8 85594.3333']
 ['221 4 1 1 1 8 1 1 8 1 1 8 10 12 20 30 52 48 8 8 64 4 1 32 64 4 0 2 1 8 80288.5833']
 ['222 4 1 1 1 10 1 1 12 1 1 12 6 6 14 36 42 38 12 12 32 8 1 32 64 4 0 2 1 32 83259.0833']
 ['223 4 1 1 1 8 1 1 8 1 1 8 6 6 14 34 62 58 8 8 64 1 1 16 64 4 1 2 1 8 80561.7500']
 ['224 4 1 1 1 6 1 1 6 1 1 6 8 8 16 36 42 38 12 12 32 8 1 32 64 4 1 2 1 8 83147.0833']
 ['225 4 1 1 1 8 1 1 8 1 1 8 10 12 20 32 52 48 12 12 32 4 1 16 64 4 1 2 1 8 78629.5000']
 ['226 4 1 1 1 10 1 1 12 1 1 12 10 12 20 34 52 48 8 8 32 8 1 32 64 4 0 2 1 8 80304.6667']
 ['227 4 1 1 1 6 1 1 6 1 1 6 10 12 20 32 52 48 6 6 32 4 1 16 64 4 0 2 1 32 82785.3333']
 ['228 4 1 1 1 10 1 1 12 1 1 12 10 12 20 32 62 58 6 6 64 1 1 16 64 4 0 2 1 32 82771.3333']
 ['229 4 1 1 1 6 1 1 6 1 1 6 6 6 14 30 42 38 8 8 64 1 1 16 64 4 0 2 1 8 84243.3333']
 ['23 4 1 1 1 8 1 1 8 1 1 8 8 8 16 36 52 48 12 12 64 1 1 16 64 4 0 2 1 8 78935.7500']
 ['230 4 1 1 1 10 1 1 12 1 1 12 8 8 16 30 42 38 12 12 64 1 1 16 64 4 1 2 1 8 83358.8333']
 ['231 4 1 1 1 10 1 1 12 1 1 12 6 6 14 36 42 38 12 12 64 1 1 16 64 4 1 2 1 32 83494.0833']
 ['232 4 1 1 1 8 1 1 8 1 1 8 10 12 20 30 52 48 8 8 32 4 1 16 64 4 1 2 1 32 80253.0000']
 ['233 4 1 1 1 8 1 1 8 1 1 8 8 8 16 30 42 38 8 8 64 4 1 32 64 4 0 2 1 32 83898.0000']
 ['234 4 1 1 1 10 1 1 12 1 1 12 6 6 14 30 62 58 8 8 64 4 1 32 64 4 1 2 1 32 80364.7500']
 ['235 4 1 1 1 10 1 1 12 1 1 12 6 6 14 36 62 58 6 6 64 1 1 16 64 4 0 2 1 32 82960.5000']
 ['236 4 1 1 1 10 1 1 12 1 1 12 8 8 16 34 62 58 12 12 32 4 1 16 64 4 1 2 1 8 78394.4167']
 ['237 4 1 1 1 8 1 1 8 1 1 8 8 8 16 34 62 58 8 8 64 1 1 16 64 4 1 2 1 32 80302.3333']
 ['238 4 1 1 1 10 1 1 12 1 1 12 6 6 14 34 42 38 12 12 32 4 1 16 64 4 1 2 1 32 83201.2500']
 ['239 4 1 1 1 8 1 1 8 1 1 8 6 6 14 30 52 48 8 8 32 8 1 32 64 4 0 2 1 8 80417.6667']
 ['24 4 1 1 1 10 1 1 12 1 1 12 10 12 20 30 52 48 6 6 32 8 1 32 64 4 1 2 1 32 82623.4167']
 ['240 4 1 1 1 6 1 1 6 1 1 6 6 6 14 36 52 48 6 6 64 1 1 16 64 4 1 2 1 8 82979.7500']
 ['241 4 1 1 1 10 1 1 12 1 1 12 6 6 14 34 62 58 8 8 32 8 1 32 64 4 0 2 1 8 80313.5833']
 ['242 4 1 1 1 10 1 1 12 1 1 12 6 6 14 36 52 48 8 8 32 8 1 32 64 4 0 2 1 8 80327.9167']
 ['243 4 1 1 1 6 1 1 6 1 1 6 8 8 16 36 62 58 6 6 32 4 1 16 64 4 1 2 1 32 82554.6667']
 ['244 4 1 1 1 8 1 1 8 1 1 8 6 6 14 34 52 48 6 6 32 8 1 32 64 4 0 2 1 8 82859.9167']
 ['245 4 1 1 1 8 1 1 8 1 1 8 8 8 16 30 42 38 6 6 64 4 1 32 64 4 0 2 1 32 85604.0833']
 ['246 4 1 1 1 10 1 1 12 1 1 12 10 12 20 36 42 38 12 12 64 4 1 32 64 4 0 2 1 32 83290.5833']
 ['247 4 1 1 1 6 1 1 6 1 1 6 10 12 20 36 62 58 6 6 64 4 1 32 64 4 1 2 1 32 82675.0000']
 ['248 4 1 1 1 10 1 1 12 1 1 12 6 6 14 34 62 58 8 8 32 4 1 16 64 4 1 2 1 32 80227.2500']
 ['249 4 1 1 1 10 1 1 12 1 1 12 6 6 14 36 52 48 8 8 32 4 1 16 64 4 0 2 1 8 80349.2500']
 ['25 4 1 1 1 8 1 1 8 1 1 8 10 12 20 34 42 38 8 8 32 4 1 16 64 4 0 2 1 8 84040.5000']
 ['250 4 1 1 1 8 1 1 8 1 1 8 6 6 14 34 42 38 12 12 64 4 1 32 64 4 1 2 1 32 83255.6667']
 ['251 4 1 1 1 10 1 1 12 1 1 12 8 8 16 36 62 58 6 6 64 1 1 16 64 4 1 2 1 32 82856.9167']
 ['252 4 1 1 1 6 1 1 6 1 1 6 10 12 20 36 52 48 6 6 64 1 1 16 64 4 1 2 1 8 82887.8333']
 ['253 4 1 1 1 8 1 1 8 1 1 8 6 6 14 32 62 58 8 8 64 4 1 32 64 4 0 2 1 8 80384.4167']
 ['254 4 1 1 1 10 1 1 12 1 1 12 8 8 16 36 62 58 6 6 32 4 1 16 64 4 1 2 1 8 82563.3333']
 ['255 4 1 1 1 6 1 1 6 1 1 6 10 12 20 36 62 58 12 12 64 1 1 16 64 4 1 2 1 8 78929.5833']
 ['256 4 1 1 1 10 1 1 12 1 1 12 8 8 16 30 42 38 8 8 32 4 1 16 64 4 1 2 1 8 83978.3333']
 ['257 4 1 1 1 10 1 1 12 1 1 12 8 8 16 30 52 48 8 8 32 4 1 16 64 4 0 2 1 32 80247.0000']
 ['258 4 1 1 1 6 1 1 6 1 1 6 10 12 20 30 42 38 8 8 64 1 1 16 64 4 0 2 1 8 84143.0833']
 ['259 4 1 1 1 6 1 1 6 1 1 6 10 12 20 34 42 38 6 6 64 4 1 32 64 4 1 2 1 32 85418.0000']
 ['26 4 1 1 1 10 1 1 12 1 1 12 6 6 14 36 62 58 6 6 32 4 1 16 64 4 0 2 1 8 82657.7500']
 ['260 4 1 1 1 6 1 1 6 1 1 6 8 8 16 34 42 38 8 8 32 8 1 32 64 4 1 2 1 8 83889.0833']
 ['261 4 1 1 1 6 1 1 6 1 1 6 6 6 14 32 52 48 12 12 64 4 1 32 64 4 1 2 1 8 78812.0000']
 ['262 4 1 1 1 6 1 1 6 1 1 6 8 8 16 36 62 58 8 8 64 1 1 16 64 4 1 2 1 32 80430.5833']
 ['263 4 1 1 1 6 1 1 6 1 1 6 8 8 16 36 62 58 6 6 64 4 1 32 64 4 1 2 1 8 82645.8333']
 ['264 4 1 1 1 6 1 1 6 1 1 6 10 12 20 32 42 38 6 6 64 1 1 16 64 4 0 2 1 32 85589.5000']
 ['265 4 1 1 1 10 1 1 12 1 1 12 8 8 16 32 62 58 12 12 64 1 1 16 64 4 0 2 1 32 78745.6667']
 ['266 4 1 1 1 10 1 1 12 1 1 12 10 12 20 36 62 58 6 6 64 1 1 16 64 4 1 2 1 32 82785.7500']
 ['267 4 1 1 1 6 1 1 6 1 1 6 6 6 14 32 62 58 6 6 64 4 1 32 64 4 0 2 1 8 82850.3333']
 ['268 4 1 1 1 10 1 1 12 1 1 12 6 6 14 34 62 58 8 8 64 4 1 32 64 4 1 2 1 8 80318.8333']
 ['269 4 1 1 1 6 1 1 6 1 1 6 6 6 14 36 52 48 6 6 32 4 1 16 64 4 1 2 1 8 82668.9167']
 ['27 4 1 1 1 8 1 1 8 1 1 8 10 12 20 34 52 48 6 6 32 8 1 32 64 4 0 2 1 32 82621.7500']
 ['270 4 1 1 1 10 1 1 12 1 1 12 6 6 14 34 42 38 6 6 64 4 1 32 64 4 1 2 1 8 85404.7500']
 ['271 4 1 1 1 8 1 1 8 1 1 8 6 6 14 36 62 58 12 12 64 1 1 16 64 4 0 2 1 8 78711.6667']
 ['272 4 1 1 1 10 1 1 12 1 1 12 10 12 20 30 42 38 8 8 64 4 1 32 64 4 1 2 1 32 83973.5833']
 ['273 4 1 1 1 8 1 1 8 1 1 8 6 6 14 34 62 58 6 6 64 1 1 16 64 4 0 2 1 8 82971.0833']
 ['274 4 1 1 1 6 1 1 6 1 1 6 8 8 16 34 62 58 12 12 32 4 1 16 64 4 0 2 1 32 78568.6667']
 ['275 4 1 1 1 8 1 1 8 1 1 8 6 6 14 36 62 58 6 6 64 4 1 32 64 4 0 2 1 8 82780.6667']
 ['276 4 1 1 1 6 1 1 6 1 1 6 10 12 20 32 42 38 8 8 32 4 1 16 64 4 0 2 1 32 84041.5000']
 ['277 4 1 1 1 6 1 1 6 1 1 6 10 12 20 34 52 48 8 8 32 4 1 16 64 4 0 2 1 32 80196.8333']
 ['278 4 1 1 1 6 1 1 6 1 1 6 6 6 14 36 52 48 8 8 32 4 1 16 64 4 0 2 1 8 80312.8333']
 ['279 4 1 1 1 10 1 1 12 1 1 12 10 12 20 34 62 58 12 12 64 4 1 32 64 4 1 2 1 32 78483.5833']
 ['28 4 1 1 1 6 1 1 6 1 1 6 8 8 16 34 42 38 8 8 32 4 1 16 64 4 0 2 1 8 83976.3333']
 ['280 4 1 1 1 10 1 1 12 1 1 12 10 12 20 34 52 48 12 12 64 1 1 16 64 4 1 2 1 8 78867.8333']
 ['281 4 1 1 1 8 1 1 8 1 1 8 8 8 16 30 52 48 6 6 64 1 1 16 64 4 1 2 1 8 82828.0000']
 ['282 4 1 1 1 10 1 1 12 1 1 12 10 12 20 32 42 38 6 6 64 4 1 32 64 4 0 2 1 8 85415.9167']
 ['283 4 1 1 1 10 1 1 12 1 1 12 10 12 20 34 62 58 12 12 32 4 1 16 64 4 1 2 1 8 78545.6667']
 ['284 4 1 1 1 10 1 1 12 1 1 12 6 6 14 30 62 58 12 12 64 4 1 32 64 4 1 2 1 8 78728.0833']
 ['285 4 1 1 1 10 1 1 12 1 1 12 6 6 14 36 62 58 8 8 64 4 1 32 64 4 1 2 1 8 80316.4167']
 ['286 4 1 1 1 8 1 1 8 1 1 8 6 6 14 34 42 38 6 6 32 8 1 32 64 4 0 2 1 8 85402.0000']
 ['287 4 1 1 1 10 1 1 12 1 1 12 6 6 14 30 42 38 8 8 32 4 1 16 64 4 1 2 1 32 83886.7500']
 ['288 4 1 1 1 8 1 1 8 1 1 8 8 8 16 36 52 48 12 12 32 8 1 32 64 4 1 2 1 8 78692.0000']
 ['289 4 1 1 1 6 1 1 6 1 1 6 8 8 16 36 62 58 8 8 64 4 1 32 64 4 0 2 1 32 80212.1667']
 ['29 4 1 1 1 6 1 1 6 1 1 6 8 8 16 34 42 38 12 12 32 4 1 16 64 4 1 2 1 32 83221.3333']
 ['290 4 1 1 1 10 1 1 12 1 1 12 8 8 16 32 62 58 6 6 32 4 1 16 64 4 1 2 1 32 82554.7500']
 ['291 4 1 1 1 8 1 1 8 1 1 8 8 8 16 34 42 38 8 8 64 4 1 32 64 4 1 2 1 8 83898.0000']
 ['292 4 1 1 1 6 1 1 6 1 1 6 6 6 14 36 42 38 8 8 32 8 1 32 64 4 0 2 1 8 84040.7500']
 ['293 4 1 1 1 6 1 1 6 1 1 6 10 12 20 34 62 58 12 12 32 8 1 32 64 4 1 2 1 32 78553.2500']
 ['294 4 1 1 1 10 1 1 12 1 1 12 8 8 16 32 62 58 6 6 64 1 1 16 64 4 0 2 1 32 82848.3333']
 ['295 4 1 1 1 8 1 1 8 1 1 8 10 12 20 34 42 38 6 6 64 1 1 16 64 4 0 2 1 32 85587.4167']
 ['296 4 1 1 1 10 1 1 12 1 1 12 8 8 16 30 62 58 8 8 64 4 1 32 64 4 0 2 1 8 80045.1667']
 ['297 4 1 1 1 8 1 1 8 1 1 8 8 8 16 34 52 48 8 8 32 4 1 16 64 4 0 2 1 8 80219.9167']
 ['298 4 1 1 1 10 1 1 12 1 1 12 8 8 16 36 62 58 6 6 64 4 1 32 64 4 0 2 1 32 82659.2500']
 ['299 4 1 1 1 10 1 1 12 1 1 12 6 6 14 32 52 48 6 6 64 4 1 32 64 4 0 2 1 32 82814.5833']
 ['3 4 1 1 1 8 1 1 8 1 1 8 10 12 20 32 42 38 8 8 32 4 1 16 64 4 0 2 1 32 84040.5000']
 ['30 4 1 1 1 10 1 1 12 1 1 12 6 6 14 30 62 58 12 12 32 4 1 16 64 4 1 2 1 32 78734.3333']
 ['300 4 1 1 1 6 1 1 6 1 1 6 10 12 20 30 52 48 6 6 32 4 1 16 64 4 0 2 1 32 82803.6667']
 ['301 4 1 1 1 6 1 1 6 1 1 6 6 6 14 34 42 38 6 6 64 4 1 32 64 4 0 2 1 32 85415.0000']
 ['302 4 1 1 1 8 1 1 8 1 1 8 10 12 20 30 52 48 12 12 32 4 1 16 64 4 1 2 1 32 78599.8333']
 ['303 4 1 1 1 8 1 1 8 1 1 8 6 6 14 34 42 38 12 12 64 1 1 16 64 4 0 2 1 8 83494.0833']
 ['304 4 1 1 1 8 1 1 8 1 1 8 6 6 14 32 42 38 8 8 32 8 1 32 64 4 0 2 1 8 84023.0000']
 ['305 4 1 1 1 8 1 1 8 1 1 8 8 8 16 32 52 48 12 12 64 1 1 16 64 4 1 2 1 32 78952.7500']
 ['306 4 1 1 1 10 1 1 12 1 1 12 6 6 14 34 42 38 6 6 32 8 1 32 64 4 0 2 1 8 85402.0000']
 ['307 4 1 1 1 6 1 1 6 1 1 6 10 12 20 34 62 58 12 12 32 4 1 16 64 4 1 2 1 8 78565.6667']
 ['308 4 1 1 1 6 1 1 6 1 1 6 8 8 16 32 52 48 12 12 32 4 1 16 64 4 0 2 1 8 78688.6667']
 ['31 4 1 1 1 6 1 1 6 1 1 6 10 12 20 30 42 38 8 8 32 8 1 32 64 4 1 2 1 32 83966.9167']
 ['32 4 1 1 1 8 1 1 8 1 1 8 10 12 20 36 52 48 8 8 64 4 1 32 64 4 1 2 1 32 80260.5000']
 ['33 4 1 1 1 8 1 1 8 1 1 8 8 8 16 34 52 48 12 12 64 4 1 32 64 4 1 2 1 32 78705.7500']
 ['34 4 1 1 1 10 1 1 12 1 1 12 8 8 16 32 62 58 12 12 64 4 1 32 64 4 1 2 1 8 78498.6667']
 ['35 4 1 1 1 6 1 1 6 1 1 6 8 8 16 32 42 38 12 12 64 4 1 32 64 4 1 2 1 32 83131.0000']
 ['36 4 1 1 1 10 1 1 12 1 1 12 6 6 14 36 42 38 8 8 32 8 1 32 64 4 1 2 1 32 84023.0000']
 ['37 4 1 1 1 10 1 1 12 1 1 12 6 6 14 32 52 48 8 8 64 1 1 16 64 4 0 2 1 8 80567.1667']
 ['38 4 1 1 1 8 1 1 8 1 1 8 10 12 20 32 42 38 8 8 32 8 1 32 64 4 1 2 1 8 83965.9167']
 ['39 4 1 1 1 10 1 1 12 1 1 12 6 6 14 32 62 58 6 6 64 1 1 16 64 4 0 2 1 8 82993.5833']
 ['4 4 1 1 1 10 1 1 12 1 1 12 8 8 16 34 62 58 8 8 32 8 1 32 64 4 1 2 1 32 79987.1667']
 ['40 4 1 1 1 8 1 1 8 1 1 8 6 6 14 30 42 38 8 8 64 4 1 32 64 4 1 2 1 8 84039.0000']
 ['41 4 1 1 1 8 1 1 8 1 1 8 10 12 20 30 52 48 8 8 32 4 1 16 64 4 0 2 1 32 80253.0000']
 ['42 4 1 1 1 6 1 1 6 1 1 6 6 6 14 30 42 38 6 6 64 4 1 32 64 4 1 2 1 8 85415.0000']
 ['43 4 1 1 1 10 1 1 12 1 1 12 6 6 14 34 62 58 6 6 64 4 1 32 64 4 1 2 1 32 82801.6667']
 ['44 4 1 1 1 8 1 1 8 1 1 8 10 12 20 32 62 58 8 8 64 1 1 16 64 4 0 2 1 32 80313.8333']
 ['45 4 1 1 1 8 1 1 8 1 1 8 10 12 20 36 52 48 12 12 64 4 1 32 64 4 1 2 1 8 78573.2500']
 ['46 4 1 1 1 6 1 1 6 1 1 6 6 6 14 32 42 38 12 12 32 8 1 32 64 4 0 2 1 32 83278.3333']
 ['47 4 1 1 1 6 1 1 6 1 1 6 8 8 16 34 42 38 6 6 64 1 1 16 64 4 1 2 1 8 85772.7500']
 ['48 4 1 1 1 10 1 1 12 1 1 12 6 6 14 36 52 48 8 8 64 4 1 32 64 4 1 2 1 8 80331.6667']
 ['49 4 1 1 1 10 1 1 12 1 1 12 8 8 16 34 42 38 12 12 64 4 1 32 64 4 0 2 1 8 83140.0833']
 ['5 4 1 1 1 8 1 1 8 1 1 8 10 12 20 30 52 48 6 6 64 1 1 16 64 4 0 2 1 8 82780.6667']
 ['50 4 1 1 1 8 1 1 8 1 1 8 6 6 14 32 52 48 8 8 32 8 1 32 64 4 1 2 1 32 80419.3333']
 ['51 4 1 1 1 10 1 1 12 1 1 12 10 12 20 32 42 38 8 8 64 1 1 16 64 4 0 2 1 8 84142.0833']
 ['52 4 1 1 1 6 1 1 6 1 1 6 8 8 16 32 42 38 12 12 32 8 1 32 64 4 0 2 1 8 83147.0833']
 ['53 4 1 1 1 8 1 1 8 1 1 8 10 12 20 36 62 58 6 6 64 4 1 32 64 4 1 2 1 32 82597.1667']
 ['54 4 1 1 1 10 1 1 12 1 1 12 10 12 20 32 52 48 6 6 32 8 1 32 64 4 0 2 1 32 82617.0000']
 ['55 4 1 1 1 10 1 1 12 1 1 12 6 6 14 34 52 48 6 6 32 4 1 16 64 4 1 2 1 8 82699.0833']
 ['56 4 1 1 1 8 1 1 8 1 1 8 8 8 16 30 52 48 8 8 32 4 1 16 64 4 0 2 1 32 80246.3333']
 ['57 4 1 1 1 10 1 1 12 1 1 12 8 8 16 36 52 48 8 8 64 1 1 16 64 4 0 2 1 8 80391.8333']
 ['58 4 1 1 1 8 1 1 8 1 1 8 6 6 14 32 52 48 6 6 32 4 1 16 64 4 1 2 1 32 82737.7500']
 ['59 4 1 1 1 10 1 1 12 1 1 12 8 8 16 36 62 58 8 8 32 4 1 16 64 4 1 2 1 8 80060.9167']
 ['6 4 1 1 1 6 1 1 6 1 1 6 10 12 20 32 62 58 12 12 32 8 1 32 64 4 1 2 1 32 78586.0833']
 ['60 4 1 1 1 10 1 1 12 1 1 12 8 8 16 32 62 58 12 12 32 8 1 32 64 4 1 2 1 32 78501.5000']
 ['61 4 1 1 1 10 1 1 12 1 1 12 8 8 16 30 52 48 8 8 64 1 1 16 64 4 1 2 1 8 80412.4167']
 ['62 4 1 1 1 6 1 1 6 1 1 6 6 6 14 36 52 48 12 12 32 8 1 32 64 4 0 2 1 8 78803.5833']
 ['63 4 1 1 1 10 1 1 12 1 1 12 10 12 20 32 42 38 12 12 32 4 1 16 64 4 1 2 1 8 83258.0000']
 ['63 4 1 1 1 10 1 1 12 1 1 12 10 12 20 32 42 38 12 12 32 4 1 16 64 4 1 2 1 8 83258.0000']
 ['64 4 1 1 1 8 1 1 8 1 1 8 6 6 14 30 52 48 12 12 32 8 1 32 64 4 0 2 1 32 78779.5000']
 ['65 4 1 1 1 10 1 1 12 1 1 12 8 8 16 36 62 58 6 6 32 4 1 16 64 4 1 2 1 32 82563.3333']
 ['66 4 1 1 1 6 1 1 6 1 1 6 10 12 20 34 42 38 12 12 64 4 1 32 64 4 1 2 1 8 83288.9167']
 ['67 4 1 1 1 8 1 1 8 1 1 8 10 12 20 32 62 58 6 6 64 4 1 32 64 4 1 2 1 32 82630.6667']
 ['68 4 1 1 1 10 1 1 12 1 1 12 8 8 16 34 52 48 8 8 32 4 1 16 64 4 0 2 1 8 80278.1667']
 ['69 4 1 1 1 10 1 1 12 1 1 12 10 12 20 30 62 58 8 8 32 4 1 16 64 4 1 2 1 8 80239.0000']
 ['7 4 1 1 1 10 1 1 12 1 1 12 10 12 20 36 42 38 6 6 64 4 1 32 64 4 1 2 1 8 85415.9167']
 ['70 4 1 1 1 6 1 1 6 1 1 6 8 8 16 34 42 38 8 8 32 4 1 16 64 4 0 2 1 32 83976.3333']
 ['71 4 1 1 1 10 1 1 12 1 1 12 8 8 16 36 42 38 8 8 64 4 1 32 64 4 1 2 1 32 83898.0000']
 ['72 4 1 1 1 10 1 1 12 1 1 12 10 12 20 36 42 38 12 12 32 8 1 32 64 4 1 2 1 32 83293.5833']
 ['73 4 1 1 1 8 1 1 8 1 1 8 10 12 20 36 62 58 12 12 64 4 1 32 64 4 1 2 1 8 78491.3333']
 ['74 4 1 1 1 10 1 1 12 1 1 12 10 12 20 34 52 48 12 12 64 1 1 16 64 4 1 2 1 32 78867.8333']
 ['75 4 1 1 1 10 1 1 12 1 1 12 10 12 20 34 42 38 12 12 64 1 1 16 64 4 0 2 1 8 83492.2500']
 ['76 4 1 1 1 10 1 1 12 1 1 12 8 8 16 36 52 48 8 8 64 1 1 16 64 4 1 2 1 8 80391.8333']
 ['77 4 1 1 1 10 1 1 12 1 1 12 10 12 20 32 42 38 6 6 32 4 1 16 64 4 1 2 1 8 85488.9167']
 ['78 4 1 1 1 6 1 1 6 1 1 6 8 8 16 34 52 48 12 12 64 1 1 16 64 4 0 2 1 8 78832.4167']
 ['79 4 1 1 1 6 1 1 6 1 1 6 6 6 14 32 42 38 12 12 64 1 1 16 64 4 1 2 1 8 83513.3333']
 ['8 4 1 1 1 10 1 1 12 1 1 12 8 8 16 30 42 38 12 12 64 4 1 32 64 4 1 2 1 32 83140.0833']
 ['80 4 1 1 1 8 1 1 8 1 1 8 8 8 16 30 62 58 12 12 64 4 1 32 64 4 0 2 1 32 78402.0000']
 ['81 4 1 1 1 8 1 1 8 1 1 8 8 8 16 32 62 58 8 8 64 1 1 16 64 4 0 2 1 32 80296.0833']
 ['82 4 1 1 1 8 1 1 8 1 1 8 6 6 14 34 52 48 12 12 32 8 1 32 64 4 0 2 1 32 78737.4167']
 ['83 4 1 1 1 10 1 1 12 1 1 12 10 12 20 32 42 38 6 6 64 1 1 16 64 4 0 2 1 32 85587.4167']
 ['84 4 1 1 1 6 1 1 6 1 1 6 8 8 16 30 62 58 6 6 64 4 1 32 64 4 0 2 1 8 82643.9167']
 ['85 4 1 1 1 8 1 1 8 1 1 8 10 12 20 36 42 38 12 12 32 8 1 32 64 4 0 2 1 32 83293.5833']
 ['86 4 1 1 1 10 1 1 12 1 1 12 8 8 16 34 42 38 8 8 64 1 1 16 64 4 0 2 1 8 84093.7500']
 ['87 4 1 1 1 10 1 1 12 1 1 12 6 6 14 30 62 58 12 12 32 4 1 16 64 4 0 2 1 8 78734.3333']
 ['88 4 1 1 1 6 1 1 6 1 1 6 10 12 20 32 42 38 8 8 32 8 1 32 64 4 0 2 1 8 83966.9167']
 ['89 4 1 1 1 10 1 1 12 1 1 12 8 8 16 36 52 48 12 12 64 1 1 16 64 4 1 2 1 8 78896.8333']
 ['9 4 1 1 1 8 1 1 8 1 1 8 10 12 20 32 52 48 8 8 32 4 1 16 64 4 0 2 1 8 80233.9167']
 ['90 4 1 1 1 6 1 1 6 1 1 6 10 12 20 36 62 58 8 8 32 8 1 32 64 4 0 2 1 32 80129.5000']
 ['91 4 1 1 1 8 1 1 8 1 1 8 8 8 16 30 62 58 8 8 64 4 1 32 64 4 1 2 1 32 80125.9167']
 ['92 4 1 1 1 10 1 1 12 1 1 12 10 12 20 36 52 48 12 12 64 4 1 32 64 4 1 2 1 32 78625.0833']
 ['93 4 1 1 1 6 1 1 6 1 1 6 6 6 14 36 52 48 6 6 32 8 1 32 64 4 0 2 1 8 82764.3333']
 ['94 4 1 1 1 10 1 1 12 1 1 12 10 12 20 30 62 58 12 12 32 4 1 16 64 4 0 2 1 8 78480.6667']
 ['95 4 1 1 1 8 1 1 8 1 1 8 8 8 16 30 52 48 6 6 64 4 1 32 64 4 1 2 1 32 82629.3333']
 ['96 4 1 1 1 6 1 1 6 1 1 6 10 12 20 32 42 38 6 6 32 8 1 32 64 4 1 2 1 32 85422.1667']
 ['97 4 1 1 1 10 1 1 12 1 1 12 6 6 14 34 52 48 6 6 32 8 1 32 64 4 0 2 1 32 82793.0833']
 ['98 4 1 1 1 8 1 1 8 1 1 8 6 6 14 34 42 38 6 6 32 4 1 16 64 4 1 2 1 32 85435.4167']
 ['99 4 1 1 1 8 1 1 8 1 1 8 10 12 20 36 52 48 12 12 32 4 1 16 64 4 0 2 1 32 78570.3333']]
