[['0 4 1 1 1 8 1 1 8 1 1 8 8 8 16 32 62 58 12 12 64 1 1 16 64 4 1 2 1 32 3.0522 32606.4057']
 ['1 4 1 1 1 6 1 1 6 1 1 6 10 12 20 36 42 38 8 8 64 4 1 32 64 4 1 2 1 32 2.6670 29729.7717']
 ['11 4 1 1 1 10 1 1 12 1 1 12 10 12 20 32 52 48 6 6 32 4 1 16 64 4 0 2 1 32 2.9897 33012.0942']
 ['12 4 1 1 1 8 1 1 8 1 1 8 10 12 20 30 52 48 8 8 64 1 1 16 64 4 0 2 1 8 2.8569 31602.6456']
 ['13 4 1 1 1 8 1 1 8 1 1 8 8 8 16 34 42 38 6 6 32 8 1 32 64 4 0 2 1 32 44.2940 9411.4045']
 ['14 4 1 1 1 8 1 1 8 1 1 8 10 12 20 34 62 58 8 8 32 4 1 16 64 4 1 2 1 32 46.5370 21052.9513']
 ['15 4 1 1 1 8 1 1 8 1 1 8 6 6 14 34 62 58 8 8 64 1 1 16 64 4 0 2 1 8 3.0718 32456.1150']
 ['16 4 1 1 1 6 1 1 6 1 1 6 10 12 20 36 62 58 6 6 32 4 1 16 64 4 1 2 1 8 45.2290 7525.9043']
 ['17 4 1 1 1 8 1 1 8 1 1 8 6 6 14 32 42 38 6 6 64 4 1 32 64 4 0 2 1 8 2.7051 30116.5645']
 ['18 4 1 1 1 8 1 1 8 1 1 8 8 8 16 30 62 58 12 12 64 1 1 16 64 4 0 2 1 8 2.6382 29391.2241']
 ['19 4 1 1 1 6 1 1 6 1 1 6 6 6 14 32 62 58 6 6 64 4 1 32 64 4 1 2 1 32 41.6100 10350.6918']
 ['2 4 1 1 1 10 1 1 12 1 1 12 6 6 14 30 62 58 12 12 64 4 1 32 64 4 0 2 1 32 46.5370 21052.9513']
 ['20 4 1 1 1 6 1 1 6 1 1 6 6 6 14 32 52 48 6 6 32 8 1 32 64 4 0 2 1 32 2.7987 31315.5362']
 ['21 4 1 1 1 6 1 1 6 1 1 6 10 12 20 30 42 38 12 12 32 4 1 16 64 4 1 2 1 8 2.3279 24268.7306']
 ['22 4 1 1 1 6 1 1 6 1 1 6 10 12 20 32 42 38 12 12 64 4 1 32 64 4 1 2 1 8 2.6386 29867.6839']
 ['23 4 1 1 1 8 1 1 8 1 1 8 8 8 16 36 52 48 12 12 64 1 1 16 64 4 0 2 1 8 2.0110 13781.0888']
 ['24 4 1 1 1 10 1 1 12 1 1 12 10 12 20 30 52 48 6 6 32 8 1 32 64 4 1 2 1 32 2.2985 16023.3324']
 ['25 4 1 1 1 8 1 1 8 1 1 8 10 12 20 34 42 38 8 8 32 4 1 16 64 4 0 2 1 8 2.7235 30469.0798']
 ['26 4 1 1 1 10 1 1 12 1 1 12 6 6 14 36 62 58 6 6 32 4 1 16 64 4 0 2 1 8 3.1538 33293.4882']
 ['27 4 1 1 1 8 1 1 8 1 1 8 10 12 20 34 52 48 6 6 32 8 1 32 64 4 0 2 1 32 2.8984 31538.1582']
 ['28 4 1 1 1 6 1 1 6 1 1 6 8 8 16 34 42 38 8 8 32 4 1 16 64 4 0 2 1 8 2.7765 31068.1282']
 ['29 4 1 1 1 6 1 1 6 1 1 6 8 8 16 34 42 38 12 12 32 4 1 16 64 4 1 2 1 32 2.6597 29595.0087']
 ['3 4 1 1 1 8 1 1 8 1 1 8 10 12 20 32 42 38 8 8 32 4 1 16 64 4 0 2 1 32 2.2734 22720.2909']
 ['30 4 1 1 1 10 1 1 12 1 1 12 6 6 14 30 62 58 12 12 32 4 1 16 64 4 1 2 1 32 44.0890 7952.1506']
 ['31 4 1 1 1 6 1 1 6 1 1 6 10 12 20 30 42 38 8 8 32 8 1 32 64 4 1 2 1 32 39.5530 9911.6735']
 ['34 4 1 1 1 10 1 1 12 1 1 12 8 8 16 32 62 58 12 12 64 4 1 32 64 4 1 2 1 8 3.1749 33982.8743']
 ['35 4 1 1 1 6 1 1 6 1 1 6 8 8 16 32 42 38 12 12 64 4 1 32 64 4 1 2 1 32 44.0890 7914.3010']
 ['36 4 1 1 1 10 1 1 12 1 1 12 6 6 14 36 42 38 8 8 32 8 1 32 64 4 1 2 1 32 2.8589 31501.4312']
 ['39 4 1 1 1 10 1 1 12 1 1 12 6 6 14 32 62 58 6 6 64 1 1 16 64 4 0 2 1 8 3.1694 34095.8985']
 ['4 4 1 1 1 10 1 1 12 1 1 12 8 8 16 34 62 58 8 8 32 8 1 32 64 4 1 2 1 32 45.3110 8311.6351']
 ['42 4 1 1 1 6 1 1 6 1 1 6 6 6 14 30 42 38 6 6 64 4 1 32 64 4 1 2 1 8 1.9221 13009.0340']
 ['47 4 1 1 1 6 1 1 6 1 1 6 8 8 16 34 42 38 6 6 64 1 1 16 64 4 1 2 1 8 2.1527 20346.4920']
 ['5 4 1 1 1 8 1 1 8 1 1 8 10 12 20 30 52 48 6 6 64 1 1 16 64 4 0 2 1 8 2.8569 31602.6456']
 ['6 4 1 1 1 6 1 1 6 1 1 6 10 12 20 32 62 58 12 12 32 8 1 32 64 4 1 2 1 32 41.4330 9345.8383']
 ['7 4 1 1 1 10 1 1 12 1 1 12 10 12 20 36 42 38 6 6 64 4 1 32 64 4 1 2 1 8 2.5356 23236.1605']
 ['8 4 1 1 1 10 1 1 12 1 1 12 8 8 16 30 42 38 12 12 64 4 1 32 64 4 1 2 1 32 2.8119 31659.4347']
 ['9 4 1 1 1 8 1 1 8 1 1 8 10 12 20 32 52 48 8 8 32 4 1 16 64 4 0 2 1 8 2.8714 32014.0932']]
